═══════════════════════════════════════════════
  MAZE BLUEPRINT - Architect's Plan
═══════════════════════════════════════════════
Generated: 03/03/2026 20:37:49
Total Walls: 0
Total Torches: 640

═══════════════════════════════════════════════
  WALL POSITIONS
═══════════════════════════════════════════════

═══════════════════════════════════════════════
  TORCH POSITIONS
═══════════════════════════════════════════════
[001] Pos: (42.35, 2.40, 147.00) | Rot: (0.00, 270.00, 0.00) | Height: 2,40 | Inset: 0,35
[002] Pos: (167.65, 2.40, 183.00) | Rot: (0.00, 90.00, 0.00) | Height: 2,40 | Inset: 0,35
[003] Pos: (131.65, 2.40, 51.00) | Rot: (0.00, 90.00, 0.00) | Height: 2,40 | Inset: 0,35
[004] Pos: (111.00, 2.40, 89.65) | Rot: (0.00, 0.00, 0.00) | Height: 2,40 | Inset: 0,35
[005] Pos: (180.35, 2.40, 87.00) | Rot: (0.00, 270.00, 0.00) | Height: 2,40 | Inset: 0,35
[006] Pos: (120.35, 2.40, 39.00) | Rot: (0.00, 270.00, 0.00) | Height: 2,40 | Inset: 0,35
[007] Pos: (54.35, 2.40, 159.00) | Rot: (0.00, 270.00, 0.00) | Height: 2,40 | Inset: 0,35
[008] Pos: (11.65, 2.40, 165.00) | Rot: (0.00, 90.00, 0.00) | Height: 2,40 | Inset: 0,35
[009] Pos: (105.00, 2.40, 17.65) | Rot: (0.00, 0.00, 0.00) | Height: 2,40 | Inset: 0,35
[010] Pos: (87.00, 2.40, 23.65) | Rot: (0.00, 0.00, 0.00) | Height: 2,40 | Inset: 0,35
[011] Pos: (35.65, 2.40, 27.00) | Rot: (0.00, 90.00, 0.00) | Height: 2,40 | Inset: 0,35
[012] Pos: (75.00, 2.40, 101.65) | Rot: (0.00, 0.00, 0.00) | Height: 2,40 | Inset: 0,35
[013] Pos: (111.00, 2.40, 149.65) | Rot: (0.00, 0.00, 0.00) | Height: 2,40 | Inset: 0,35
[014] Pos: (21.00, 2.40, 18.35) | Rot: (0.00, 180.00, 0.00) | Height: 2,40 | Inset: 0,35
[015] Pos: (-0.35, 2.40, 123.00) | Rot: (0.00, 90.00, 0.00) | Height: 2,40 | Inset: 0,35
[016] Pos: (45.00, 2.40, 5.65) | Rot: (0.00, 0.00, 0.00) | Height: 2,40 | Inset: 0,35
[017] Pos: (3.00, 2.40, 131.65) | Rot: (0.00, 0.00, 0.00) | Height: 2,40 | Inset: 0,35
[018] Pos: (135.00, 2.40, 30.35) | Rot: (0.00, 180.00, 0.00) | Height: 2,40 | Inset: 0,35
[019] Pos: (57.00, 2.40, 12.35) | Rot: (0.00, 180.00, 0.00) | Height: 2,40 | Inset: 0,35
[020] Pos: (12.35, 2.40, 81.00) | Rot: (0.00, 270.00, 0.00) | Height: 2,40 | Inset: 0,35
[021] Pos: (150.35, 2.40, 165.00) | Rot: (0.00, 270.00, 0.00) | Height: 2,40 | Inset: 0,35
[022] Pos: (107.65, 2.40, 117.00) | Rot: (0.00, 90.00, 0.00) | Height: 2,40 | Inset: 0,35
[023] Pos: (51.00, 2.40, 156.35) | Rot: (0.00, 180.00, 0.00) | Height: 2,40 | Inset: 0,35
[024] Pos: (5.65, 2.40, 51.00) | Rot: (0.00, 90.00, 0.00) | Height: 2,40 | Inset: 0,35
[025] Pos: (48.35, 2.40, 69.00) | Rot: (0.00, 270.00, 0.00) | Height: 2,40 | Inset: 0,35
[026] Pos: (96.35, 2.40, 3.00) | Rot: (0.00, 270.00, 0.00) | Height: 2,40 | Inset: 0,35
[027] Pos: (117.00, 2.40, 23.65) | Rot: (0.00, 0.00, 0.00) | Height: 2,40 | Inset: 0,35
[028] Pos: (29.65, 2.40, 57.00) | Rot: (0.00, 90.00, 0.00) | Height: 2,40 | Inset: 0,35
[029] Pos: (87.00, 2.40, 161.65) | Rot: (0.00, 0.00, 0.00) | Height: 2,40 | Inset: 0,35
[030] Pos: (9.00, 2.40, 42.35) | Rot: (0.00, 180.00, 0.00) | Height: 2,40 | Inset: 0,35
[031] Pos: (87.00, 2.40, 66.35) | Rot: (0.00, 180.00, 0.00) | Height: 2,40 | Inset: 0,35
[032] Pos: (99.00, 2.40, 173.65) | Rot: (0.00, 0.00, 0.00) | Height: 2,40 | Inset: 0,35
[033] Pos: (27.00, 2.40, 11.65) | Rot: (0.00, 0.00, 0.00) | Height: 2,40 | Inset: 0,35
[034] Pos: (29.65, 2.40, 45.00) | Rot: (0.00, 90.00, 0.00) | Height: 2,40 | Inset: 0,35
[035] Pos: (57.00, 2.40, 126.35) | Rot: (0.00, 180.00, 0.00) | Height: 2,40 | Inset: 0,35
[036] Pos: (143.65, 2.40, 27.00) | Rot: (0.00, 90.00, 0.00) | Height: 2,40 | Inset: 0,35
[037] Pos: (113.65, 2.40, 183.00) | Rot: (0.00, 90.00, 0.00) | Height: 2,40 | Inset: 0,35
[038] Pos: (93.00, 2.40, 29.65) | Rot: (0.00, 0.00, 0.00) | Height: 2,40 | Inset: 0,35
[039] Pos: (89.65, 2.40, 63.00) | Rot: (0.00, 90.00, 0.00) | Height: 2,40 | Inset: 0,35
[040] Pos: (15.00, 2.40, 65.65) | Rot: (0.00, 0.00, 0.00) | Height: 2,40 | Inset: 0,35
[041] Pos: (12.35, 2.40, 33.00) | Rot: (0.00, 270.00, 0.00) | Height: 2,40 | Inset: 0,35
[042] Pos: (54.35, 2.40, 39.00) | Rot: (0.00, 270.00, 0.00) | Height: 2,40 | Inset: 0,35
[043] Pos: (6.35, 2.40, 99.00) | Rot: (0.00, 270.00, 0.00) | Height: 2,40 | Inset: 0,35
[044] Pos: (81.00, 2.40, 47.65) | Rot: (0.00, 0.00, 0.00) | Height: 2,40 | Inset: 0,35
[045] Pos: (59.65, 2.40, 15.00) | Rot: (0.00, 90.00, 0.00) | Height: 2,40 | Inset: 0,35
[046] Pos: (129.00, 2.40, 131.65) | Rot: (0.00, 0.00, 0.00) | Height: 2,40 | Inset: 0,35
[047] Pos: (33.00, 2.40, 107.65) | Rot: (0.00, 0.00, 0.00) | Height: 2,40 | Inset: 0,35
[048] Pos: (-0.35, 2.40, 27.00) | Rot: (0.00, 90.00, 0.00) | Height: 2,40 | Inset: 0,35
[049] Pos: (144.35, 2.40, 15.00) | Rot: (0.00, 270.00, 0.00) | Height: 2,40 | Inset: 0,35
[050] Pos: (17.65, 2.40, 3.00) | Rot: (0.00, 90.00, 0.00) | Height: 2,40 | Inset: 0,35
[051] Pos: (53.65, 2.40, 135.00) | Rot: (0.00, 90.00, 0.00) | Height: 2,40 | Inset: 0,35
[052] Pos: (33.00, 2.40, 131.65) | Rot: (0.00, 0.00, 0.00) | Height: 2,40 | Inset: 0,35
[053] Pos: (84.35, 2.40, 45.00) | Rot: (0.00, 270.00, 0.00) | Height: 2,40 | Inset: 0,35
[054] Pos: (18.35, 2.40, 141.00) | Rot: (0.00, 270.00, 0.00) | Height: 2,40 | Inset: 0,35
[055] Pos: (36.35, 2.40, 159.00) | Rot: (0.00, 270.00, 0.00) | Height: 2,40 | Inset: 0,35
[056] Pos: (57.00, 2.40, 24.35) | Rot: (0.00, 180.00, 0.00) | Height: 2,40 | Inset: 0,35
[057] Pos: (9.00, 2.40, 168.35) | Rot: (0.00, 180.00, 0.00) | Height: 2,40 | Inset: 0,35
[058] Pos: (171.00, 2.40, 83.65) | Rot: (0.00, 0.00, 0.00) | Height: 2,40 | Inset: 0,35
[059] Pos: (89.65, 2.40, 75.00) | Rot: (0.00, 90.00, 0.00) | Height: 2,40 | Inset: 0,35
[060] Pos: (48.35, 2.40, 45.00) | Rot: (0.00, 270.00, 0.00) | Height: 2,40 | Inset: 0,35
[061] Pos: (60.35, 2.40, 177.00) | Rot: (0.00, 270.00, 0.00) | Height: 2,40 | Inset: 0,35
[062] Pos: (96.35, 2.40, 15.00) | Rot: (0.00, 270.00, 0.00) | Height: 2,40 | Inset: 0,35
[063] Pos: (111.00, 2.40, 11.65) | Rot: (0.00, 0.00, 0.00) | Height: 2,40 | Inset: 0,35
[064] Pos: (125.65, 2.40, 153.00) | Rot: (0.00, 90.00, 0.00) | Height: 2,40 | Inset: 0,35
[065] Pos: (161.65, 2.40, 153.00) | Rot: (0.00, 90.00, 0.00) | Height: 2,40 | Inset: 0,35
[066] Pos: (111.00, 2.40, 24.35) | Rot: (0.00, 180.00, 0.00) | Height: 2,40 | Inset: 0,35
[067] Pos: (47.65, 2.40, 81.00) | Rot: (0.00, 90.00, 0.00) | Height: 2,40 | Inset: 0,35
[068] Pos: (77.65, 2.40, 63.00) | Rot: (0.00, 90.00, 0.00) | Height: 2,40 | Inset: 0,35
[069] Pos: (117.00, 2.40, 149.65) | Rot: (0.00, 0.00, 0.00) | Height: 2,40 | Inset: 0,35
[070] Pos: (81.00, 2.40, 30.35) | Rot: (0.00, 180.00, 0.00) | Height: 2,40 | Inset: 0,35
[071] Pos: (63.00, 2.40, 162.35) | Rot: (0.00, 180.00, 0.00) | Height: 2,40 | Inset: 0,35
[072] Pos: (17.65, 2.40, 147.00) | Rot: (0.00, 90.00, 0.00) | Height: 2,40 | Inset: 0,35
[073] Pos: (93.00, 2.40, 41.65) | Rot: (0.00, 0.00, 0.00) | Height: 2,40 | Inset: 0,35
[074] Pos: (81.00, 2.40, 65.65) | Rot: (0.00, 0.00, 0.00) | Height: 2,40 | Inset: 0,35
[075] Pos: (126.35, 2.40, 183.00) | Rot: (0.00, 270.00, 0.00) | Height: 2,40 | Inset: 0,35
[076] Pos: (147.00, 2.40, 59.65) | Rot: (0.00, 0.00, 0.00) | Height: 2,40 | Inset: 0,35
[077] Pos: (66.35, 2.40, 69.00) | Rot: (0.00, 270.00, 0.00) | Height: 2,40 | Inset: 0,35
[078] Pos: (135.00, 2.40, 71.65) | Rot: (0.00, 0.00, 0.00) | Height: 2,40 | Inset: 0,35
[079] Pos: (105.00, 2.40, 156.35) | Rot: (0.00, 180.00, 0.00) | Height: 2,40 | Inset: 0,35
[080] Pos: (99.00, 2.40, 66.35) | Rot: (0.00, 180.00, 0.00) | Height: 2,40 | Inset: 0,35
[081] Pos: (101.65, 2.40, 51.00) | Rot: (0.00, 90.00, 0.00) | Height: 2,40 | Inset: 0,35
[082] Pos: (36.35, 2.40, 129.00) | Rot: (0.00, 270.00, 0.00) | Height: 2,40 | Inset: 0,35
[083] Pos: (33.00, 2.40, 72.35) | Rot: (0.00, 180.00, 0.00) | Height: 2,40 | Inset: 0,35
[084] Pos: (48.35, 2.40, 141.00) | Rot: (0.00, 270.00, 0.00) | Height: 2,40 | Inset: 0,35
[085] Pos: (119.65, 2.40, 63.00) | Rot: (0.00, 90.00, 0.00) | Height: 2,40 | Inset: 0,35
[086] Pos: (174.35, 2.40, 177.00) | Rot: (0.00, 270.00, 0.00) | Height: 2,40 | Inset: 0,35
[087] Pos: (119.65, 2.40, 81.00) | Rot: (0.00, 90.00, 0.00) | Height: 2,40 | Inset: 0,35
[088] Pos: (75.00, 2.40, 17.65) | Rot: (0.00, 0.00, 0.00) | Height: 2,40 | Inset: 0,35
[089] Pos: (11.65, 2.40, 93.00) | Rot: (0.00, 90.00, 0.00) | Height: 2,40 | Inset: 0,35
[090] Pos: (179.65, 2.40, 57.00) | Rot: (0.00, 90.00, 0.00) | Height: 2,40 | Inset: 0,35
[091] Pos: (89.65, 2.40, 63.00) | Rot: (0.00, 90.00, 0.00) | Height: 2,40 | Inset: 0,35
[092] Pos: (99.00, 2.40, 186.35) | Rot: (0.00, 180.00, 0.00) | Height: 2,40 | Inset: 0,35
[093] Pos: (63.00, 2.40, 24.35) | Rot: (0.00, 180.00, 0.00) | Height: 2,40 | Inset: 0,35
[094] Pos: (102.35, 2.40, 117.00) | Rot: (0.00, 270.00, 0.00) | Height: 2,40 | Inset: 0,35
[095] Pos: (84.35, 2.40, 141.00) | Rot: (0.00, 270.00, 0.00) | Height: 2,40 | Inset: 0,35
[096] Pos: (141.00, 2.40, 95.65) | Rot: (0.00, 0.00, 0.00) | Height: 2,40 | Inset: 0,35
[097] Pos: (162.35, 2.40, 75.00) | Rot: (0.00, 270.00, 0.00) | Height: 2,40 | Inset: 0,35
[098] Pos: (120.35, 2.40, 33.00) | Rot: (0.00, 270.00, 0.00) | Height: 2,40 | Inset: 0,35
[099] Pos: (167.65, 2.40, 45.00) | Rot: (0.00, 90.00, 0.00) | Height: 2,40 | Inset: 0,35
[100] Pos: (111.00, 2.40, 138.35) | Rot: (0.00, 180.00, 0.00) | Height: 2,40 | Inset: 0,35
[101] Pos: (135.00, 2.40, 95.65) | Rot: (0.00, 0.00, 0.00) | Height: 2,40 | Inset: 0,35
[102] Pos: (27.00, 2.40, -0.35) | Rot: (0.00, 0.00, 0.00) | Height: 2,40 | Inset: 0,35
[103] Pos: (108.35, 2.40, 111.00) | Rot: (0.00, 270.00, 0.00) | Height: 2,40 | Inset: 0,35
[104] Pos: (15.00, 2.40, 66.35) | Rot: (0.00, 180.00, 0.00) | Height: 2,40 | Inset: 0,35
[105] Pos: (129.00, 2.40, 30.35) | Rot: (0.00, 180.00, 0.00) | Height: 2,40 | Inset: 0,35
[106] Pos: (125.65, 2.40, 75.00) | Rot: (0.00, 90.00, 0.00) | Height: 2,40 | Inset: 0,35
[107] Pos: (171.00, 2.40, 11.65) | Rot: (0.00, 0.00, 0.00) | Height: 2,40 | Inset: 0,35
[108] Pos: (135.00, 2.40, 156.35) | Rot: (0.00, 180.00, 0.00) | Height: 2,40 | Inset: 0,35
[109] Pos: (21.00, 2.40, 162.35) | Rot: (0.00, 180.00, 0.00) | Height: 2,40 | Inset: 0,35
[110] Pos: (35.65, 2.40, 81.00) | Rot: (0.00, 90.00, 0.00) | Height: 2,40 | Inset: 0,35
[111] Pos: (57.00, 2.40, 53.65) | Rot: (0.00, 0.00, 0.00) | Height: 2,40 | Inset: 0,35
[112] Pos: (179.65, 2.40, 159.00) | Rot: (0.00, 90.00, 0.00) | Height: 2,40 | Inset: 0,35
[113] Pos: (131.65, 2.40, 177.00) | Rot: (0.00, 90.00, 0.00) | Height: 2,40 | Inset: 0,35
[114] Pos: (18.35, 2.40, 141.00) | Rot: (0.00, 270.00, 0.00) | Height: 2,40 | Inset: 0,35
[115] Pos: (143.65, 2.40, 69.00) | Rot: (0.00, 90.00, 0.00) | Height: 2,40 | Inset: 0,35
[116] Pos: (132.35, 2.40, 51.00) | Rot: (0.00, 270.00, 0.00) | Height: 2,40 | Inset: 0,35
[117] Pos: (141.00, 2.40, 126.35) | Rot: (0.00, 180.00, 0.00) | Height: 2,40 | Inset: 0,35
[118] Pos: (30.35, 2.40, 87.00) | Rot: (0.00, 270.00, 0.00) | Height: 2,40 | Inset: 0,35
[119] Pos: (153.00, 2.40, 119.65) | Rot: (0.00, 0.00, 0.00) | Height: 2,40 | Inset: 0,35
[120] Pos: (84.35, 2.40, 177.00) | Rot: (0.00, 270.00, 0.00) | Height: 2,40 | Inset: 0,35
[121] Pos: (117.00, 2.40, 138.35) | Rot: (0.00, 180.00, 0.00) | Height: 2,40 | Inset: 0,35
[122] Pos: (149.65, 2.40, 165.00) | Rot: (0.00, 90.00, 0.00) | Height: 2,40 | Inset: 0,35
[123] Pos: (99.00, 2.40, 24.35) | Rot: (0.00, 180.00, 0.00) | Height: 2,40 | Inset: 0,35
[124] Pos: (135.00, 2.40, 180.35) | Rot: (0.00, 180.00, 0.00) | Height: 2,40 | Inset: 0,35
[125] Pos: (111.00, 2.40, 137.65) | Rot: (0.00, 0.00, 0.00) | Height: 2,40 | Inset: 0,35
[126] Pos: (153.00, 2.40, -0.35) | Rot: (0.00, 0.00, 0.00) | Height: 2,40 | Inset: 0,35
[127] Pos: (101.65, 2.40, 81.00) | Rot: (0.00, 90.00, 0.00) | Height: 2,40 | Inset: 0,35
[128] Pos: (107.65, 2.40, 111.00) | Rot: (0.00, 90.00, 0.00) | Height: 2,40 | Inset: 0,35
[129] Pos: (53.65, 2.40, 69.00) | Rot: (0.00, 90.00, 0.00) | Height: 2,40 | Inset: 0,35
[130] Pos: (42.35, 2.40, 135.00) | Rot: (0.00, 270.00, 0.00) | Height: 2,40 | Inset: 0,35
[131] Pos: (99.00, 2.40, 41.65) | Rot: (0.00, 0.00, 0.00) | Height: 2,40 | Inset: 0,35
[132] Pos: (165.00, 2.40, 29.65) | Rot: (0.00, 0.00, 0.00) | Height: 2,40 | Inset: 0,35
[133] Pos: (102.35, 2.40, 27.00) | Rot: (0.00, 270.00, 0.00) | Height: 2,40 | Inset: 0,35
[134] Pos: (119.65, 2.40, 9.00) | Rot: (0.00, 90.00, 0.00) | Height: 2,40 | Inset: 0,35
[135] Pos: (105.00, 2.40, 90.35) | Rot: (0.00, 180.00, 0.00) | Height: 2,40 | Inset: 0,35
[136] Pos: (168.35, 2.40, 57.00) | Rot: (0.00, 270.00, 0.00) | Height: 2,40 | Inset: 0,35
[137] Pos: (87.00, 2.40, 84.35) | Rot: (0.00, 180.00, 0.00) | Height: 2,40 | Inset: 0,35
[138] Pos: (135.00, 2.40, 5.65) | Rot: (0.00, 0.00, 0.00) | Height: 2,40 | Inset: 0,35
[139] Pos: (123.00, 2.40, 102.35) | Rot: (0.00, 180.00, 0.00) | Height: 2,40 | Inset: 0,35
[140] Pos: (135.00, 2.40, 65.65) | Rot: (0.00, 0.00, 0.00) | Height: 2,40 | Inset: 0,35
[141] Pos: (138.35, 2.40, 129.00) | Rot: (0.00, 270.00, 0.00) | Height: 2,40 | Inset: 0,35
[142] Pos: (5.65, 2.40, 15.00) | Rot: (0.00, 90.00, 0.00) | Height: 2,40 | Inset: 0,35
[143] Pos: (161.65, 2.40, 51.00) | Rot: (0.00, 90.00, 0.00) | Height: 2,40 | Inset: 0,35
[144] Pos: (179.65, 2.40, 129.00) | Rot: (0.00, 90.00, 0.00) | Height: 2,40 | Inset: 0,35
[145] Pos: (21.00, 2.40, 47.65) | Rot: (0.00, 0.00, 0.00) | Height: 2,40 | Inset: 0,35
[146] Pos: (173.65, 2.40, 171.00) | Rot: (0.00, 90.00, 0.00) | Height: 2,40 | Inset: 0,35
[147] Pos: (71.65, 2.40, 111.00) | Rot: (0.00, 90.00, 0.00) | Height: 2,40 | Inset: 0,35
[148] Pos: (63.00, 2.40, 54.35) | Rot: (0.00, 180.00, 0.00) | Height: 2,40 | Inset: 0,35
[149] Pos: (11.65, 2.40, 153.00) | Rot: (0.00, 90.00, 0.00) | Height: 2,40 | Inset: 0,35
[150] Pos: (33.00, 2.40, 186.35) | Rot: (0.00, 180.00, 0.00) | Height: 2,40 | Inset: 0,35
[151] Pos: (119.65, 2.40, 99.00) | Rot: (0.00, 90.00, 0.00) | Height: 2,40 | Inset: 0,35
[152] Pos: (150.35, 2.40, 183.00) | Rot: (0.00, 270.00, 0.00) | Height: 2,40 | Inset: 0,35
[153] Pos: (39.00, 2.40, 53.65) | Rot: (0.00, 0.00, 0.00) | Height: 2,40 | Inset: 0,35
[154] Pos: (113.65, 2.40, 111.00) | Rot: (0.00, 90.00, 0.00) | Height: 2,40 | Inset: 0,35
[155] Pos: (24.35, 2.40, 147.00) | Rot: (0.00, 270.00, 0.00) | Height: 2,40 | Inset: 0,35
[156] Pos: (27.00, 2.40, 161.65) | Rot: (0.00, 0.00, 0.00) | Height: 2,40 | Inset: 0,35
[157] Pos: (17.65, 2.40, 75.00) | Rot: (0.00, 90.00, 0.00) | Height: 2,40 | Inset: 0,35
[158] Pos: (186.35, 2.40, 9.00) | Rot: (0.00, 270.00, 0.00) | Height: 2,40 | Inset: 0,35
[159] Pos: (29.65, 2.40, 3.00) | Rot: (0.00, 90.00, 0.00) | Height: 2,40 | Inset: 0,35
[160] Pos: (27.00, 2.40, 173.65) | Rot: (0.00, 0.00, 0.00) | Height: 2,40 | Inset: 0,35
[161] Pos: (129.00, 2.40, 173.65) | Rot: (0.00, 0.00, 0.00) | Height: 2,40 | Inset: 0,35
[162] Pos: (78.35, 2.40, 3.00) | Rot: (0.00, 270.00, 0.00) | Height: 2,40 | Inset: 0,35
[163] Pos: (167.65, 2.40, 69.00) | Rot: (0.00, 90.00, 0.00) | Height: 2,40 | Inset: 0,35
[164] Pos: (72.35, 2.40, 93.00) | Rot: (0.00, 270.00, 0.00) | Height: 2,40 | Inset: 0,35
[165] Pos: (27.00, 2.40, 119.65) | Rot: (0.00, 0.00, 0.00) | Height: 2,40 | Inset: 0,35
[166] Pos: (174.35, 2.40, 39.00) | Rot: (0.00, 270.00, 0.00) | Height: 2,40 | Inset: 0,35
[167] Pos: (12.35, 2.40, 105.00) | Rot: (0.00, 270.00, 0.00) | Height: 2,40 | Inset: 0,35
[168] Pos: (155.65, 2.40, 147.00) | Rot: (0.00, 90.00, 0.00) | Height: 2,40 | Inset: 0,35
[169] Pos: (177.00, 2.40, 66.35) | Rot: (0.00, 180.00, 0.00) | Height: 2,40 | Inset: 0,35
[170] Pos: (69.00, 2.40, 102.35) | Rot: (0.00, 180.00, 0.00) | Height: 2,40 | Inset: 0,35
[171] Pos: (9.00, 2.40, 180.35) | Rot: (0.00, 180.00, 0.00) | Height: 2,40 | Inset: 0,35
[172] Pos: (21.00, 2.40, 174.35) | Rot: (0.00, 180.00, 0.00) | Height: 2,40 | Inset: 0,35
[173] Pos: (123.00, 2.40, 173.65) | Rot: (0.00, 0.00, 0.00) | Height: 2,40 | Inset: 0,35
[174] Pos: (105.00, 2.40, 180.35) | Rot: (0.00, 180.00, 0.00) | Height: 2,40 | Inset: 0,35
[175] Pos: (48.35, 2.40, 135.00) | Rot: (0.00, 270.00, 0.00) | Height: 2,40 | Inset: 0,35
[176] Pos: (95.65, 2.40, 165.00) | Rot: (0.00, 90.00, 0.00) | Height: 2,40 | Inset: 0,35
[177] Pos: (171.00, 2.40, 54.35) | Rot: (0.00, 180.00, 0.00) | Height: 2,40 | Inset: 0,35
[178] Pos: (102.35, 2.40, 51.00) | Rot: (0.00, 270.00, 0.00) | Height: 2,40 | Inset: 0,35
[179] Pos: (101.65, 2.40, 117.00) | Rot: (0.00, 90.00, 0.00) | Height: 2,40 | Inset: 0,35
[180] Pos: (129.00, 2.40, 6.35) | Rot: (0.00, 180.00, 0.00) | Height: 2,40 | Inset: 0,35
[181] Pos: (69.00, 2.40, 95.65) | Rot: (0.00, 0.00, 0.00) | Height: 2,40 | Inset: 0,35
[182] Pos: (9.00, 2.40, 150.35) | Rot: (0.00, 180.00, 0.00) | Height: 2,40 | Inset: 0,35
[183] Pos: (65.65, 2.40, 123.00) | Rot: (0.00, 90.00, 0.00) | Height: 2,40 | Inset: 0,35
[184] Pos: (105.00, 2.40, 168.35) | Rot: (0.00, 180.00, 0.00) | Height: 2,40 | Inset: 0,35
[185] Pos: (141.00, 2.40, 155.65) | Rot: (0.00, 0.00, 0.00) | Height: 2,40 | Inset: 0,35
[186] Pos: (75.00, 2.40, 65.65) | Rot: (0.00, 0.00, 0.00) | Height: 2,40 | Inset: 0,35
[187] Pos: (51.00, 2.40, 29.65) | Rot: (0.00, 0.00, 0.00) | Height: 2,40 | Inset: 0,35
[188] Pos: (6.35, 2.40, 117.00) | Rot: (0.00, 270.00, 0.00) | Height: 2,40 | Inset: 0,35
[189] Pos: (63.00, 2.40, 179.65) | Rot: (0.00, 0.00, 0.00) | Height: 2,40 | Inset: 0,35
[190] Pos: (123.00, 2.40, 72.35) | Rot: (0.00, 180.00, 0.00) | Height: 2,40 | Inset: 0,35
[191] Pos: (75.00, 2.40, 23.65) | Rot: (0.00, 0.00, 0.00) | Height: 2,40 | Inset: 0,35
[192] Pos: (21.00, 2.40, 48.35) | Rot: (0.00, 180.00, 0.00) | Height: 2,40 | Inset: 0,35
[193] Pos: (143.65, 2.40, 105.00) | Rot: (0.00, 90.00, 0.00) | Height: 2,40 | Inset: 0,35
[194] Pos: (54.35, 2.40, 21.00) | Rot: (0.00, 270.00, 0.00) | Height: 2,40 | Inset: 0,35
[195] Pos: (39.00, 2.40, 108.35) | Rot: (0.00, 180.00, 0.00) | Height: 2,40 | Inset: 0,35
[196] Pos: (54.35, 2.40, 39.00) | Rot: (0.00, 270.00, 0.00) | Height: 2,40 | Inset: 0,35
[197] Pos: (162.35, 2.40, 135.00) | Rot: (0.00, 270.00, 0.00) | Height: 2,40 | Inset: 0,35
[198] Pos: (107.65, 2.40, 9.00) | Rot: (0.00, 90.00, 0.00) | Height: 2,40 | Inset: 0,35
[199] Pos: (77.65, 2.40, 135.00) | Rot: (0.00, 90.00, 0.00) | Height: 2,40 | Inset: 0,35
[200] Pos: (27.00, 2.40, -0.35) | Rot: (0.00, 0.00, 0.00) | Height: 2,40 | Inset: 0,35
[201] Pos: (81.00, 2.40, 36.35) | Rot: (0.00, 180.00, 0.00) | Height: 2,40 | Inset: 0,35
[202] Pos: (141.00, 2.40, 83.65) | Rot: (0.00, 0.00, 0.00) | Height: 2,40 | Inset: 0,35
[203] Pos: (129.00, 2.40, 72.35) | Rot: (0.00, 180.00, 0.00) | Height: 2,40 | Inset: 0,35
[204] Pos: (177.00, 2.40, 42.35) | Rot: (0.00, 180.00, 0.00) | Height: 2,40 | Inset: 0,35
[205] Pos: (143.65, 2.40, 177.00) | Rot: (0.00, 90.00, 0.00) | Height: 2,40 | Inset: 0,35
[206] Pos: (36.35, 2.40, 159.00) | Rot: (0.00, 270.00, 0.00) | Height: 2,40 | Inset: 0,35
[207] Pos: (47.65, 2.40, 159.00) | Rot: (0.00, 90.00, 0.00) | Height: 2,40 | Inset: 0,35
[208] Pos: (183.00, 2.40, 47.65) | Rot: (0.00, 0.00, 0.00) | Height: 2,40 | Inset: 0,35
[209] Pos: (54.35, 2.40, 39.00) | Rot: (0.00, 270.00, 0.00) | Height: 2,40 | Inset: 0,35
[210] Pos: (143.65, 2.40, 117.00) | Rot: (0.00, 90.00, 0.00) | Height: 2,40 | Inset: 0,35
[211] Pos: (90.35, 2.40, 57.00) | Rot: (0.00, 270.00, 0.00) | Height: 2,40 | Inset: 0,35
[212] Pos: (33.00, 2.40, 102.35) | Rot: (0.00, 180.00, 0.00) | Height: 2,40 | Inset: 0,35
[213] Pos: (132.35, 2.40, 147.00) | Rot: (0.00, 270.00, 0.00) | Height: 2,40 | Inset: 0,35
[214] Pos: (36.35, 2.40, 87.00) | Rot: (0.00, 270.00, 0.00) | Height: 2,40 | Inset: 0,35
[215] Pos: (153.00, 2.40, 131.65) | Rot: (0.00, 0.00, 0.00) | Height: 2,40 | Inset: 0,35
[216] Pos: (3.00, 2.40, 41.65) | Rot: (0.00, 0.00, 0.00) | Height: 2,40 | Inset: 0,35
[217] Pos: (29.65, 2.40, 33.00) | Rot: (0.00, 90.00, 0.00) | Height: 2,40 | Inset: 0,35
[218] Pos: (113.65, 2.40, 93.00) | Rot: (0.00, 90.00, 0.00) | Height: 2,40 | Inset: 0,35
[219] Pos: (75.00, 2.40, 71.65) | Rot: (0.00, 0.00, 0.00) | Height: 2,40 | Inset: 0,35
[220] Pos: (12.35, 2.40, 177.00) | Rot: (0.00, 270.00, 0.00) | Height: 2,40 | Inset: 0,35
[221] Pos: (51.00, 2.40, 35.65) | Rot: (0.00, 0.00, 0.00) | Height: 2,40 | Inset: 0,35
[222] Pos: (111.00, 2.40, 143.65) | Rot: (0.00, 0.00, 0.00) | Height: 2,40 | Inset: 0,35
[223] Pos: (27.00, 2.40, 108.35) | Rot: (0.00, 180.00, 0.00) | Height: 2,40 | Inset: 0,35
[224] Pos: (63.00, 2.40, 137.65) | Rot: (0.00, 0.00, 0.00) | Height: 2,40 | Inset: 0,35
[225] Pos: (39.00, 2.40, 119.65) | Rot: (0.00, 0.00, 0.00) | Height: 2,40 | Inset: 0,35
[226] Pos: (54.35, 2.40, 51.00) | Rot: (0.00, 270.00, 0.00) | Height: 2,40 | Inset: 0,35
[227] Pos: (21.00, 2.40, 42.35) | Rot: (0.00, 180.00, 0.00) | Height: 2,40 | Inset: 0,35
[228] Pos: (159.00, 2.40, 125.65) | Rot: (0.00, 0.00, 0.00) | Height: 2,40 | Inset: 0,35
[229] Pos: (165.00, 2.40, 11.65) | Rot: (0.00, 0.00, 0.00) | Height: 2,40 | Inset: 0,35
[230] Pos: (150.35, 2.40, 69.00) | Rot: (0.00, 270.00, 0.00) | Height: 2,40 | Inset: 0,35
[231] Pos: (119.65, 2.40, 69.00) | Rot: (0.00, 90.00, 0.00) | Height: 2,40 | Inset: 0,35
[232] Pos: (12.35, 2.40, 27.00) | Rot: (0.00, 270.00, 0.00) | Height: 2,40 | Inset: 0,35
[233] Pos: (99.00, 2.40, 60.35) | Rot: (0.00, 180.00, 0.00) | Height: 2,40 | Inset: 0,35
[234] Pos: (18.35, 2.40, 141.00) | Rot: (0.00, 270.00, 0.00) | Height: 2,40 | Inset: 0,35
[235] Pos: (15.00, 2.40, 180.35) | Rot: (0.00, 180.00, 0.00) | Height: 2,40 | Inset: 0,35
[236] Pos: (129.00, 2.40, 168.35) | Rot: (0.00, 180.00, 0.00) | Height: 2,40 | Inset: 0,35
[237] Pos: (101.65, 2.40, 135.00) | Rot: (0.00, 90.00, 0.00) | Height: 2,40 | Inset: 0,35
[238] Pos: (27.00, 2.40, 30.35) | Rot: (0.00, 180.00, 0.00) | Height: 2,40 | Inset: 0,35
[239] Pos: (149.65, 2.40, 51.00) | Rot: (0.00, 90.00, 0.00) | Height: 2,40 | Inset: 0,35
[240] Pos: (33.00, 2.40, 119.65) | Rot: (0.00, 0.00, 0.00) | Height: 2,40 | Inset: 0,35
[241] Pos: (105.00, 2.40, 149.65) | Rot: (0.00, 0.00, 0.00) | Height: 2,40 | Inset: 0,35
[242] Pos: (65.65, 2.40, 99.00) | Rot: (0.00, 90.00, 0.00) | Height: 2,40 | Inset: 0,35
[243] Pos: (41.65, 2.40, 81.00) | Rot: (0.00, 90.00, 0.00) | Height: 2,40 | Inset: 0,35
[244] Pos: (165.00, 2.40, 41.65) | Rot: (0.00, 0.00, 0.00) | Height: 2,40 | Inset: 0,35
[245] Pos: (147.00, 2.40, 42.35) | Rot: (0.00, 180.00, 0.00) | Height: 2,40 | Inset: 0,35
[246] Pos: (95.65, 2.40, 27.00) | Rot: (0.00, 90.00, 0.00) | Height: 2,40 | Inset: 0,35
[247] Pos: (63.00, 2.40, 12.35) | Rot: (0.00, 180.00, 0.00) | Height: 2,40 | Inset: 0,35
[248] Pos: (15.00, 2.40, 107.65) | Rot: (0.00, 0.00, 0.00) | Height: 2,40 | Inset: 0,35
[249] Pos: (87.00, 2.40, 120.35) | Rot: (0.00, 180.00, 0.00) | Height: 2,40 | Inset: 0,35
[250] Pos: (45.00, 2.40, 6.35) | Rot: (0.00, 180.00, 0.00) | Height: 2,40 | Inset: 0,35
[251] Pos: (51.00, 2.40, 83.65) | Rot: (0.00, 0.00, 0.00) | Height: 2,40 | Inset: 0,35
[252] Pos: (81.00, 2.40, 41.65) | Rot: (0.00, 0.00, 0.00) | Height: 2,40 | Inset: 0,35
[253] Pos: (156.35, 2.40, 159.00) | Rot: (0.00, 270.00, 0.00) | Height: 2,40 | Inset: 0,35
[254] Pos: (123.00, 2.40, 126.35) | Rot: (0.00, 180.00, 0.00) | Height: 2,40 | Inset: 0,35
[255] Pos: (36.35, 2.40, 129.00) | Rot: (0.00, 270.00, 0.00) | Height: 2,40 | Inset: 0,35
[256] Pos: (111.00, 2.40, 168.35) | Rot: (0.00, 180.00, 0.00) | Height: 2,40 | Inset: 0,35
[257] Pos: (129.00, 2.40, 167.65) | Rot: (0.00, 0.00, 0.00) | Height: 2,40 | Inset: 0,35
[258] Pos: (144.35, 2.40, 141.00) | Rot: (0.00, 270.00, 0.00) | Height: 2,40 | Inset: 0,35
[259] Pos: (165.00, 2.40, 47.65) | Rot: (0.00, 0.00, 0.00) | Height: 2,40 | Inset: 0,35
[260] Pos: (69.00, 2.40, 120.35) | Rot: (0.00, 180.00, 0.00) | Height: 2,40 | Inset: 0,35
[261] Pos: (186.35, 2.40, 135.00) | Rot: (0.00, 270.00, 0.00) | Height: 2,40 | Inset: 0,35
[262] Pos: (165.00, 2.40, 90.35) | Rot: (0.00, 180.00, 0.00) | Height: 2,40 | Inset: 0,35
[263] Pos: (119.65, 2.40, 111.00) | Rot: (0.00, 90.00, 0.00) | Height: 2,40 | Inset: 0,35
[264] Pos: (149.65, 2.40, 39.00) | Rot: (0.00, 90.00, 0.00) | Height: 2,40 | Inset: 0,35
[265] Pos: (117.00, 2.40, 78.35) | Rot: (0.00, 180.00, 0.00) | Height: 2,40 | Inset: 0,35
[266] Pos: (105.00, 2.40, 102.35) | Rot: (0.00, 180.00, 0.00) | Height: 2,40 | Inset: 0,35
[267] Pos: (57.00, 2.40, 119.65) | Rot: (0.00, 0.00, 0.00) | Height: 2,40 | Inset: 0,35
[268] Pos: (113.65, 2.40, 45.00) | Rot: (0.00, 90.00, 0.00) | Height: 2,40 | Inset: 0,35
[269] Pos: (186.35, 2.40, 165.00) | Rot: (0.00, 270.00, 0.00) | Height: 2,40 | Inset: 0,35
[270] Pos: (57.00, 2.40, 48.35) | Rot: (0.00, 180.00, 0.00) | Height: 2,40 | Inset: 0,35
[271] Pos: (42.35, 2.40, 45.00) | Rot: (0.00, 270.00, 0.00) | Height: 2,40 | Inset: 0,35
[272] Pos: (135.00, 2.40, 11.65) | Rot: (0.00, 0.00, 0.00) | Height: 2,40 | Inset: 0,35
[273] Pos: (27.00, 2.40, 107.65) | Rot: (0.00, 0.00, 0.00) | Height: 2,40 | Inset: 0,35
[274] Pos: (96.35, 2.40, 135.00) | Rot: (0.00, 270.00, 0.00) | Height: 2,40 | Inset: 0,35
[275] Pos: (72.35, 2.40, 135.00) | Rot: (0.00, 270.00, 0.00) | Height: 2,40 | Inset: 0,35
[276] Pos: (179.65, 2.40, 123.00) | Rot: (0.00, 90.00, 0.00) | Height: 2,40 | Inset: 0,35
[277] Pos: (119.65, 2.40, 147.00) | Rot: (0.00, 90.00, 0.00) | Height: 2,40 | Inset: 0,35
[278] Pos: (129.00, 2.40, 18.35) | Rot: (0.00, 180.00, 0.00) | Height: 2,40 | Inset: 0,35
[279] Pos: (77.65, 2.40, 111.00) | Rot: (0.00, 90.00, 0.00) | Height: 2,40 | Inset: 0,35
[280] Pos: (135.00, 2.40, 71.65) | Rot: (0.00, 0.00, 0.00) | Height: 2,40 | Inset: 0,35
[281] Pos: (105.00, 2.40, 78.35) | Rot: (0.00, 180.00, 0.00) | Height: 2,40 | Inset: 0,35
[282] Pos: (45.00, 2.40, 17.65) | Rot: (0.00, 0.00, 0.00) | Height: 2,40 | Inset: 0,35
[283] Pos: (53.65, 2.40, 51.00) | Rot: (0.00, 90.00, 0.00) | Height: 2,40 | Inset: 0,35
[284] Pos: (35.65, 2.40, 75.00) | Rot: (0.00, 90.00, 0.00) | Height: 2,40 | Inset: 0,35
[285] Pos: (162.35, 2.40, 87.00) | Rot: (0.00, 270.00, 0.00) | Height: 2,40 | Inset: 0,35
[286] Pos: (-0.35, 2.40, 39.00) | Rot: (0.00, 90.00, 0.00) | Height: 2,40 | Inset: 0,35
[287] Pos: (177.00, 2.40, 18.35) | Rot: (0.00, 180.00, 0.00) | Height: 2,40 | Inset: 0,35
[288] Pos: (27.00, 2.40, 149.65) | Rot: (0.00, 0.00, 0.00) | Height: 2,40 | Inset: 0,35
[289] Pos: (-0.35, 2.40, 21.00) | Rot: (0.00, 90.00, 0.00) | Height: 2,40 | Inset: 0,35
[290] Pos: (165.00, 2.40, 167.65) | Rot: (0.00, 0.00, 0.00) | Height: 2,40 | Inset: 0,35
[291] Pos: (39.00, 2.40, 137.65) | Rot: (0.00, 0.00, 0.00) | Height: 2,40 | Inset: 0,35
[292] Pos: (75.00, 2.40, 162.35) | Rot: (0.00, 180.00, 0.00) | Height: 2,40 | Inset: 0,35
[293] Pos: (125.65, 2.40, 93.00) | Rot: (0.00, 90.00, 0.00) | Height: 2,40 | Inset: 0,35
[294] Pos: (138.35, 2.40, 135.00) | Rot: (0.00, 270.00, 0.00) | Height: 2,40 | Inset: 0,35
[295] Pos: (33.00, 2.40, 149.65) | Rot: (0.00, 0.00, 0.00) | Height: 2,40 | Inset: 0,35
[296] Pos: (102.35, 2.40, 81.00) | Rot: (0.00, 270.00, 0.00) | Height: 2,40 | Inset: 0,35
[297] Pos: (183.00, 2.40, 174.35) | Rot: (0.00, 180.00, 0.00) | Height: 2,40 | Inset: 0,35
[298] Pos: (42.35, 2.40, 51.00) | Rot: (0.00, 270.00, 0.00) | Height: 2,40 | Inset: 0,35
[299] Pos: (90.35, 2.40, 141.00) | Rot: (0.00, 270.00, 0.00) | Height: 2,40 | Inset: 0,35
[300] Pos: (159.00, 2.40, 6.35) | Rot: (0.00, 180.00, 0.00) | Height: 2,40 | Inset: 0,35
[301] Pos: (135.00, 2.40, 137.65) | Rot: (0.00, 0.00, 0.00) | Height: 2,40 | Inset: 0,35
[302] Pos: (123.00, 2.40, -0.35) | Rot: (0.00, 0.00, 0.00) | Height: 2,40 | Inset: 0,35
[303] Pos: (114.35, 2.40, 45.00) | Rot: (0.00, 270.00, 0.00) | Height: 2,40 | Inset: 0,35
[304] Pos: (66.35, 2.40, 69.00) | Rot: (0.00, 270.00, 0.00) | Height: 2,40 | Inset: 0,35
[305] Pos: (131.65, 2.40, 51.00) | Rot: (0.00, 90.00, 0.00) | Height: 2,40 | Inset: 0,35
[306] Pos: (171.00, 2.40, 48.35) | Rot: (0.00, 180.00, 0.00) | Height: 2,40 | Inset: 0,35
[307] Pos: (27.00, 2.40, 95.65) | Rot: (0.00, 0.00, 0.00) | Height: 2,40 | Inset: 0,35
[308] Pos: (54.35, 2.40, 135.00) | Rot: (0.00, 270.00, 0.00) | Height: 2,40 | Inset: 0,35
[309] Pos: (-0.35, 2.40, 75.00) | Rot: (0.00, 90.00, 0.00) | Height: 2,40 | Inset: 0,35
[310] Pos: (39.00, 2.40, 96.35) | Rot: (0.00, 180.00, 0.00) | Height: 2,40 | Inset: 0,35
[311] Pos: (114.35, 2.40, 129.00) | Rot: (0.00, 270.00, 0.00) | Height: 2,40 | Inset: 0,35
[312] Pos: (69.00, 2.40, 126.35) | Rot: (0.00, 180.00, 0.00) | Height: 2,40 | Inset: 0,35
[313] Pos: (137.65, 2.40, 153.00) | Rot: (0.00, 90.00, 0.00) | Height: 2,40 | Inset: 0,35
[314] Pos: (168.35, 2.40, 27.00) | Rot: (0.00, 270.00, 0.00) | Height: 2,40 | Inset: 0,35
[315] Pos: (53.65, 2.40, 129.00) | Rot: (0.00, 90.00, 0.00) | Height: 2,40 | Inset: 0,35
[316] Pos: (9.00, 2.40, 150.35) | Rot: (0.00, 180.00, 0.00) | Height: 2,40 | Inset: 0,35
[317] Pos: (23.65, 2.40, 87.00) | Rot: (0.00, 90.00, 0.00) | Height: 2,40 | Inset: 0,35
[318] Pos: (135.00, 2.40, 72.35) | Rot: (0.00, 180.00, 0.00) | Height: 2,40 | Inset: 0,35
[319] Pos: (36.35, 2.40, 45.00) | Rot: (0.00, 270.00, 0.00) | Height: 2,40 | Inset: 0,35
[320] Pos: (60.35, 2.40, 45.00) | Rot: (0.00, 270.00, 0.00) | Height: 2,40 | Inset: 0,35
[321] Pos: (3.00, 2.40, 65.65) | Rot: (0.00, 0.00, 0.00) | Height: 2,40 | Inset: 0,35
[322] Pos: (114.35, 2.40, 33.00) | Rot: (0.00, 270.00, 0.00) | Height: 2,40 | Inset: 0,35
[323] Pos: (15.00, 2.40, 71.65) | Rot: (0.00, 0.00, 0.00) | Height: 2,40 | Inset: 0,35
[324] Pos: (177.00, 2.40, 101.65) | Rot: (0.00, 0.00, 0.00) | Height: 2,40 | Inset: 0,35
[325] Pos: (17.65, 2.40, 105.00) | Rot: (0.00, 90.00, 0.00) | Height: 2,40 | Inset: 0,35
[326] Pos: (95.65, 2.40, 75.00) | Rot: (0.00, 90.00, 0.00) | Height: 2,40 | Inset: 0,35
[327] Pos: (153.00, 2.40, 155.65) | Rot: (0.00, 0.00, 0.00) | Height: 2,40 | Inset: 0,35
[328] Pos: (33.00, 2.40, 150.35) | Rot: (0.00, 180.00, 0.00) | Height: 2,40 | Inset: 0,35
[329] Pos: (159.00, 2.40, 66.35) | Rot: (0.00, 180.00, 0.00) | Height: 2,40 | Inset: 0,35
[330] Pos: (135.00, 2.40, 41.65) | Rot: (0.00, 0.00, 0.00) | Height: 2,40 | Inset: 0,35
[331] Pos: (36.35, 2.40, 87.00) | Rot: (0.00, 270.00, 0.00) | Height: 2,40 | Inset: 0,35
[332] Pos: (69.00, 2.40, 60.35) | Rot: (0.00, 180.00, 0.00) | Height: 2,40 | Inset: 0,35
[333] Pos: (117.00, 2.40, 107.65) | Rot: (0.00, 0.00, 0.00) | Height: 2,40 | Inset: 0,35
[334] Pos: (165.00, 2.40, 155.65) | Rot: (0.00, 0.00, 0.00) | Height: 2,40 | Inset: 0,35
[335] Pos: (168.35, 2.40, 123.00) | Rot: (0.00, 270.00, 0.00) | Height: 2,40 | Inset: 0,35
[336] Pos: (173.65, 2.40, 147.00) | Rot: (0.00, 90.00, 0.00) | Height: 2,40 | Inset: 0,35
[337] Pos: (47.65, 2.40, 45.00) | Rot: (0.00, 90.00, 0.00) | Height: 2,40 | Inset: 0,35
[338] Pos: (141.00, 2.40, 65.65) | Rot: (0.00, 0.00, 0.00) | Height: 2,40 | Inset: 0,35
[339] Pos: (75.00, 2.40, 119.65) | Rot: (0.00, 0.00, 0.00) | Height: 2,40 | Inset: 0,35
[340] Pos: (174.35, 2.40, 33.00) | Rot: (0.00, 270.00, 0.00) | Height: 2,40 | Inset: 0,35
[341] Pos: (135.00, 2.40, 90.35) | Rot: (0.00, 180.00, 0.00) | Height: 2,40 | Inset: 0,35
[342] Pos: (129.00, 2.40, 17.65) | Rot: (0.00, 0.00, 0.00) | Height: 2,40 | Inset: 0,35
[343] Pos: (159.00, 2.40, 186.35) | Rot: (0.00, 180.00, 0.00) | Height: 2,40 | Inset: 0,35
[344] Pos: (113.65, 2.40, 87.00) | Rot: (0.00, 90.00, 0.00) | Height: 2,40 | Inset: 0,35
[345] Pos: (75.00, 2.40, 102.35) | Rot: (0.00, 180.00, 0.00) | Height: 2,40 | Inset: 0,35
[346] Pos: (57.00, 2.40, 11.65) | Rot: (0.00, 0.00, 0.00) | Height: 2,40 | Inset: 0,35
[347] Pos: (27.00, 2.40, 12.35) | Rot: (0.00, 180.00, 0.00) | Height: 2,40 | Inset: 0,35
[348] Pos: (111.00, 2.40, 143.65) | Rot: (0.00, 0.00, 0.00) | Height: 2,40 | Inset: 0,35
[349] Pos: (72.35, 2.40, 153.00) | Rot: (0.00, 270.00, 0.00) | Height: 2,40 | Inset: 0,35
[350] Pos: (186.35, 2.40, 99.00) | Rot: (0.00, 270.00, 0.00) | Height: 2,40 | Inset: 0,35
[351] Pos: (12.35, 2.40, 171.00) | Rot: (0.00, 270.00, 0.00) | Height: 2,40 | Inset: 0,35
[352] Pos: (159.00, 2.40, 150.35) | Rot: (0.00, 180.00, 0.00) | Height: 2,40 | Inset: 0,35
[353] Pos: (18.35, 2.40, 141.00) | Rot: (0.00, 270.00, 0.00) | Height: 2,40 | Inset: 0,35
[354] Pos: (21.00, 2.40, 180.35) | Rot: (0.00, 180.00, 0.00) | Height: 2,40 | Inset: 0,35
[355] Pos: (36.35, 2.40, 135.00) | Rot: (0.00, 270.00, 0.00) | Height: 2,40 | Inset: 0,35
[356] Pos: (120.35, 2.40, 69.00) | Rot: (0.00, 270.00, 0.00) | Height: 2,40 | Inset: 0,35
[357] Pos: (156.35, 2.40, 123.00) | Rot: (0.00, 270.00, 0.00) | Height: 2,40 | Inset: 0,35
[358] Pos: (51.00, 2.40, 59.65) | Rot: (0.00, 0.00, 0.00) | Height: 2,40 | Inset: 0,35
[359] Pos: (147.00, 2.40, 23.65) | Rot: (0.00, 0.00, 0.00) | Height: 2,40 | Inset: 0,35
[360] Pos: (21.00, 2.40, 186.35) | Rot: (0.00, 180.00, 0.00) | Height: 2,40 | Inset: 0,35
[361] Pos: (81.00, 2.40, 29.65) | Rot: (0.00, 0.00, 0.00) | Height: 2,40 | Inset: 0,35
[362] Pos: (57.00, 2.40, 29.65) | Rot: (0.00, 0.00, 0.00) | Height: 2,40 | Inset: 0,35
[363] Pos: (78.35, 2.40, 111.00) | Rot: (0.00, 270.00, 0.00) | Height: 2,40 | Inset: 0,35
[364] Pos: (89.65, 2.40, 159.00) | Rot: (0.00, 90.00, 0.00) | Height: 2,40 | Inset: 0,35
[365] Pos: (123.00, 2.40, 186.35) | Rot: (0.00, 180.00, 0.00) | Height: 2,40 | Inset: 0,35
[366] Pos: (54.35, 2.40, 21.00) | Rot: (0.00, 270.00, 0.00) | Height: 2,40 | Inset: 0,35
[367] Pos: (95.65, 2.40, 75.00) | Rot: (0.00, 90.00, 0.00) | Height: 2,40 | Inset: 0,35
[368] Pos: (89.65, 2.40, 63.00) | Rot: (0.00, 90.00, 0.00) | Height: 2,40 | Inset: 0,35
[369] Pos: (51.00, 2.40, 35.65) | Rot: (0.00, 0.00, 0.00) | Height: 2,40 | Inset: 0,35
[370] Pos: (15.00, 2.40, 149.65) | Rot: (0.00, 0.00, 0.00) | Height: 2,40 | Inset: 0,35
[371] Pos: (53.65, 2.40, 135.00) | Rot: (0.00, 90.00, 0.00) | Height: 2,40 | Inset: 0,35
[372] Pos: (186.35, 2.40, 57.00) | Rot: (0.00, 270.00, 0.00) | Height: 2,40 | Inset: 0,35
[373] Pos: (132.35, 2.40, 51.00) | Rot: (0.00, 270.00, 0.00) | Height: 2,40 | Inset: 0,35
[374] Pos: (165.00, 2.40, 144.35) | Rot: (0.00, 180.00, 0.00) | Height: 2,40 | Inset: 0,35
[375] Pos: (90.35, 2.40, 147.00) | Rot: (0.00, 270.00, 0.00) | Height: 2,40 | Inset: 0,35
[376] Pos: (102.35, 2.40, 81.00) | Rot: (0.00, 270.00, 0.00) | Height: 2,40 | Inset: 0,35
[377] Pos: (137.65, 2.40, 99.00) | Rot: (0.00, 90.00, 0.00) | Height: 2,40 | Inset: 0,35
[378] Pos: (33.00, 2.40, 186.35) | Rot: (0.00, 180.00, 0.00) | Height: 2,40 | Inset: 0,35
[379] Pos: (105.00, 2.40, 12.35) | Rot: (0.00, 180.00, 0.00) | Height: 2,40 | Inset: 0,35
[380] Pos: (111.00, 2.40, 95.65) | Rot: (0.00, 0.00, 0.00) | Height: 2,40 | Inset: 0,35
[381] Pos: (18.35, 2.40, 27.00) | Rot: (0.00, 270.00, 0.00) | Height: 2,40 | Inset: 0,35
[382] Pos: (129.00, 2.40, 125.65) | Rot: (0.00, 0.00, 0.00) | Height: 2,40 | Inset: 0,35
[383] Pos: (125.65, 2.40, 117.00) | Rot: (0.00, 90.00, 0.00) | Height: 2,40 | Inset: 0,35
[384] Pos: (9.00, 2.40, 120.35) | Rot: (0.00, 180.00, 0.00) | Height: 2,40 | Inset: 0,35
[385] Pos: (30.35, 2.40, 69.00) | Rot: (0.00, 270.00, 0.00) | Height: 2,40 | Inset: 0,35
[386] Pos: (159.00, 2.40, 66.35) | Rot: (0.00, 180.00, 0.00) | Height: 2,40 | Inset: 0,35
[387] Pos: (156.35, 2.40, 123.00) | Rot: (0.00, 270.00, 0.00) | Height: 2,40 | Inset: 0,35
[388] Pos: (42.35, 2.40, 123.00) | Rot: (0.00, 270.00, 0.00) | Height: 2,40 | Inset: 0,35
[389] Pos: (93.00, 2.40, 186.35) | Rot: (0.00, 180.00, 0.00) | Height: 2,40 | Inset: 0,35
[390] Pos: (155.65, 2.40, 171.00) | Rot: (0.00, 90.00, 0.00) | Height: 2,40 | Inset: 0,35
[391] Pos: (39.00, 2.40, 138.35) | Rot: (0.00, 180.00, 0.00) | Height: 2,40 | Inset: 0,35
[392] Pos: (39.00, 2.40, 53.65) | Rot: (0.00, 0.00, 0.00) | Height: 2,40 | Inset: 0,35
[393] Pos: (132.35, 2.40, 147.00) | Rot: (0.00, 270.00, 0.00) | Height: 2,40 | Inset: 0,35
[394] Pos: (18.35, 2.40, 105.00) | Rot: (0.00, 270.00, 0.00) | Height: 2,40 | Inset: 0,35
[395] Pos: (27.00, 2.40, 11.65) | Rot: (0.00, 0.00, 0.00) | Height: 2,40 | Inset: 0,35
[396] Pos: (75.00, 2.40, 137.65) | Rot: (0.00, 0.00, 0.00) | Height: 2,40 | Inset: 0,35
[397] Pos: (57.00, 2.40, 143.65) | Rot: (0.00, 0.00, 0.00) | Height: 2,40 | Inset: 0,35
[398] Pos: (119.65, 2.40, 111.00) | Rot: (0.00, 90.00, 0.00) | Height: 2,40 | Inset: 0,35
[399] Pos: (144.35, 2.40, 105.00) | Rot: (0.00, 270.00, 0.00) | Height: 2,40 | Inset: 0,35
[400] Pos: (9.00, 2.40, 24.35) | Rot: (0.00, 180.00, 0.00) | Height: 2,40 | Inset: 0,35
[401] Pos: (174.35, 2.40, 153.00) | Rot: (0.00, 270.00, 0.00) | Height: 2,40 | Inset: 0,35
[402] Pos: (9.00, 2.40, 161.65) | Rot: (0.00, 0.00, 0.00) | Height: 2,40 | Inset: 0,35
[403] Pos: (60.35, 2.40, 57.00) | Rot: (0.00, 270.00, 0.00) | Height: 2,40 | Inset: 0,35
[404] Pos: (84.35, 2.40, 57.00) | Rot: (0.00, 270.00, 0.00) | Height: 2,40 | Inset: 0,35
[405] Pos: (12.35, 2.40, 171.00) | Rot: (0.00, 270.00, 0.00) | Height: 2,40 | Inset: 0,35
[406] Pos: (155.65, 2.40, 165.00) | Rot: (0.00, 90.00, 0.00) | Height: 2,40 | Inset: 0,35
[407] Pos: (153.00, 2.40, 155.65) | Rot: (0.00, 0.00, 0.00) | Height: 2,40 | Inset: 0,35
[408] Pos: (21.00, 2.40, 180.35) | Rot: (0.00, 180.00, 0.00) | Height: 2,40 | Inset: 0,35
[409] Pos: (21.00, 2.40, 126.35) | Rot: (0.00, 180.00, 0.00) | Height: 2,40 | Inset: 0,35
[410] Pos: (89.65, 2.40, 63.00) | Rot: (0.00, 90.00, 0.00) | Height: 2,40 | Inset: 0,35
[411] Pos: (138.35, 2.40, 135.00) | Rot: (0.00, 270.00, 0.00) | Height: 2,40 | Inset: 0,35
[412] Pos: (48.35, 2.40, 57.00) | Rot: (0.00, 270.00, 0.00) | Height: 2,40 | Inset: 0,35
[413] Pos: (5.65, 2.40, 69.00) | Rot: (0.00, 90.00, 0.00) | Height: 2,40 | Inset: 0,35
[414] Pos: (63.00, 2.40, 5.65) | Rot: (0.00, 0.00, 0.00) | Height: 2,40 | Inset: 0,35
[415] Pos: (96.35, 2.40, 153.00) | Rot: (0.00, 270.00, 0.00) | Height: 2,40 | Inset: 0,35
[416] Pos: (60.35, 2.40, 45.00) | Rot: (0.00, 270.00, 0.00) | Height: 2,40 | Inset: 0,35
[417] Pos: (177.00, 2.40, 78.35) | Rot: (0.00, 180.00, 0.00) | Height: 2,40 | Inset: 0,35
[418] Pos: (57.00, 2.40, 12.35) | Rot: (0.00, 180.00, 0.00) | Height: 2,40 | Inset: 0,35
[419] Pos: (5.65, 2.40, 165.00) | Rot: (0.00, 90.00, 0.00) | Height: 2,40 | Inset: 0,35
[420] Pos: (12.35, 2.40, 111.00) | Rot: (0.00, 270.00, 0.00) | Height: 2,40 | Inset: 0,35
[421] Pos: (131.65, 2.40, 153.00) | Rot: (0.00, 90.00, 0.00) | Height: 2,40 | Inset: 0,35
[422] Pos: (57.00, 2.40, 77.65) | Rot: (0.00, 0.00, 0.00) | Height: 2,40 | Inset: 0,35
[423] Pos: (33.00, 2.40, 24.35) | Rot: (0.00, 180.00, 0.00) | Height: 2,40 | Inset: 0,35
[424] Pos: (69.00, 2.40, 30.35) | Rot: (0.00, 180.00, 0.00) | Height: 2,40 | Inset: 0,35
[425] Pos: (36.35, 2.40, 129.00) | Rot: (0.00, 270.00, 0.00) | Height: 2,40 | Inset: 0,35
[426] Pos: (57.00, 2.40, 144.35) | Rot: (0.00, 180.00, 0.00) | Height: 2,40 | Inset: 0,35
[427] Pos: (113.65, 2.40, 99.00) | Rot: (0.00, 90.00, 0.00) | Height: 2,40 | Inset: 0,35
[428] Pos: (78.35, 2.40, 159.00) | Rot: (0.00, 270.00, 0.00) | Height: 2,40 | Inset: 0,35
[429] Pos: (102.35, 2.40, 45.00) | Rot: (0.00, 270.00, 0.00) | Height: 2,40 | Inset: 0,35
[430] Pos: (18.35, 2.40, 141.00) | Rot: (0.00, 270.00, 0.00) | Height: 2,40 | Inset: 0,35
[431] Pos: (84.35, 2.40, 117.00) | Rot: (0.00, 270.00, 0.00) | Height: 2,40 | Inset: 0,35
[432] Pos: (90.35, 2.40, 21.00) | Rot: (0.00, 270.00, 0.00) | Height: 2,40 | Inset: 0,35
[433] Pos: (69.00, 2.40, 96.35) | Rot: (0.00, 180.00, 0.00) | Height: 2,40 | Inset: 0,35
[434] Pos: (39.00, 2.40, 5.65) | Rot: (0.00, 0.00, 0.00) | Height: 2,40 | Inset: 0,35
[435] Pos: (165.00, 2.40, 101.65) | Rot: (0.00, 0.00, 0.00) | Height: 2,40 | Inset: 0,35
[436] Pos: (87.00, 2.40, 150.35) | Rot: (0.00, 180.00, 0.00) | Height: 2,40 | Inset: 0,35
[437] Pos: (5.65, 2.40, 81.00) | Rot: (0.00, 90.00, 0.00) | Height: 2,40 | Inset: 0,35
[438] Pos: (165.00, 2.40, 143.65) | Rot: (0.00, 0.00, 0.00) | Height: 2,40 | Inset: 0,35
[439] Pos: (156.35, 2.40, 153.00) | Rot: (0.00, 270.00, 0.00) | Height: 2,40 | Inset: 0,35
[440] Pos: (93.00, 2.40, 41.65) | Rot: (0.00, 0.00, 0.00) | Height: 2,40 | Inset: 0,35
[441] Pos: (165.00, 2.40, 66.35) | Rot: (0.00, 180.00, 0.00) | Height: 2,40 | Inset: 0,35
[442] Pos: (54.35, 2.40, 69.00) | Rot: (0.00, 270.00, 0.00) | Height: 2,40 | Inset: 0,35
[443] Pos: (180.35, 2.40, 21.00) | Rot: (0.00, 270.00, 0.00) | Height: 2,40 | Inset: 0,35
[444] Pos: (63.00, 2.40, 89.65) | Rot: (0.00, 0.00, 0.00) | Height: 2,40 | Inset: 0,35
[445] Pos: (11.65, 2.40, 99.00) | Rot: (0.00, 90.00, 0.00) | Height: 2,40 | Inset: 0,35
[446] Pos: (111.00, 2.40, 173.65) | Rot: (0.00, 0.00, 0.00) | Height: 2,40 | Inset: 0,35
[447] Pos: (41.65, 2.40, 27.00) | Rot: (0.00, 90.00, 0.00) | Height: 2,40 | Inset: 0,35
[448] Pos: (131.65, 2.40, 21.00) | Rot: (0.00, 90.00, 0.00) | Height: 2,40 | Inset: 0,35
[449] Pos: (153.00, 2.40, 90.35) | Rot: (0.00, 180.00, 0.00) | Height: 2,40 | Inset: 0,35
[450] Pos: (18.35, 2.40, 141.00) | Rot: (0.00, 270.00, 0.00) | Height: 2,40 | Inset: 0,35
[451] Pos: (12.35, 2.40, 159.00) | Rot: (0.00, 270.00, 0.00) | Height: 2,40 | Inset: 0,35
[452] Pos: (9.00, 2.40, 83.65) | Rot: (0.00, 0.00, 0.00) | Height: 2,40 | Inset: 0,35
[453] Pos: (179.65, 2.40, 123.00) | Rot: (0.00, 90.00, 0.00) | Height: 2,40 | Inset: 0,35
[454] Pos: (69.00, 2.40, 126.35) | Rot: (0.00, 180.00, 0.00) | Height: 2,40 | Inset: 0,35
[455] Pos: (27.00, 2.40, 11.65) | Rot: (0.00, 0.00, 0.00) | Height: 2,40 | Inset: 0,35
[456] Pos: (17.65, 2.40, 117.00) | Rot: (0.00, 90.00, 0.00) | Height: 2,40 | Inset: 0,35
[457] Pos: (48.35, 2.40, 21.00) | Rot: (0.00, 270.00, 0.00) | Height: 2,40 | Inset: 0,35
[458] Pos: (84.35, 2.40, 93.00) | Rot: (0.00, 270.00, 0.00) | Height: 2,40 | Inset: 0,35
[459] Pos: (17.65, 2.40, 9.00) | Rot: (0.00, 90.00, 0.00) | Height: 2,40 | Inset: 0,35
[460] Pos: (107.65, 2.40, 159.00) | Rot: (0.00, 90.00, 0.00) | Height: 2,40 | Inset: 0,35
[461] Pos: (41.65, 2.40, 99.00) | Rot: (0.00, 90.00, 0.00) | Height: 2,40 | Inset: 0,35
[462] Pos: (101.65, 2.40, 45.00) | Rot: (0.00, 90.00, 0.00) | Height: 2,40 | Inset: 0,35
[463] Pos: (45.00, 2.40, 71.65) | Rot: (0.00, 0.00, 0.00) | Height: 2,40 | Inset: 0,35
[464] Pos: (39.00, 2.40, 149.65) | Rot: (0.00, 0.00, 0.00) | Height: 2,40 | Inset: 0,35
[465] Pos: (63.00, 2.40, 59.65) | Rot: (0.00, 0.00, 0.00) | Height: 2,40 | Inset: 0,35
[466] Pos: (87.00, 2.40, 11.65) | Rot: (0.00, 0.00, 0.00) | Height: 2,40 | Inset: 0,35
[467] Pos: (65.65, 2.40, 75.00) | Rot: (0.00, 90.00, 0.00) | Height: 2,40 | Inset: 0,35
[468] Pos: (171.00, 2.40, 5.65) | Rot: (0.00, 0.00, 0.00) | Height: 2,40 | Inset: 0,35
[469] Pos: (18.35, 2.40, 93.00) | Rot: (0.00, 270.00, 0.00) | Height: 2,40 | Inset: 0,35
[470] Pos: (48.35, 2.40, 171.00) | Rot: (0.00, 270.00, 0.00) | Height: 2,40 | Inset: 0,35
[471] Pos: (5.65, 2.40, 69.00) | Rot: (0.00, 90.00, 0.00) | Height: 2,40 | Inset: 0,35
[472] Pos: (180.35, 2.40, 15.00) | Rot: (0.00, 270.00, 0.00) | Height: 2,40 | Inset: 0,35
[473] Pos: (113.65, 2.40, 177.00) | Rot: (0.00, 90.00, 0.00) | Height: 2,40 | Inset: 0,35
[474] Pos: (156.35, 2.40, 105.00) | Rot: (0.00, 270.00, 0.00) | Height: 2,40 | Inset: 0,35
[475] Pos: (105.00, 2.40, 18.35) | Rot: (0.00, 180.00, 0.00) | Height: 2,40 | Inset: 0,35
[476] Pos: (153.00, 2.40, 101.65) | Rot: (0.00, 0.00, 0.00) | Height: 2,40 | Inset: 0,35
[477] Pos: (156.35, 2.40, 153.00) | Rot: (0.00, 270.00, 0.00) | Height: 2,40 | Inset: 0,35
[478] Pos: (63.00, 2.40, 167.65) | Rot: (0.00, 0.00, 0.00) | Height: 2,40 | Inset: 0,35
[479] Pos: (75.00, 2.40, 120.35) | Rot: (0.00, 180.00, 0.00) | Height: 2,40 | Inset: 0,35
[480] Pos: (99.00, 2.40, 149.65) | Rot: (0.00, 0.00, 0.00) | Height: 2,40 | Inset: 0,35
[481] Pos: (111.00, 2.40, 119.65) | Rot: (0.00, 0.00, 0.00) | Height: 2,40 | Inset: 0,35
[482] Pos: (167.65, 2.40, 99.00) | Rot: (0.00, 90.00, 0.00) | Height: 2,40 | Inset: 0,35
[483] Pos: (131.65, 2.40, 63.00) | Rot: (0.00, 90.00, 0.00) | Height: 2,40 | Inset: 0,35
[484] Pos: (71.65, 2.40, 93.00) | Rot: (0.00, 90.00, 0.00) | Height: 2,40 | Inset: 0,35
[485] Pos: (123.00, 2.40, 155.65) | Rot: (0.00, 0.00, 0.00) | Height: 2,40 | Inset: 0,35
[486] Pos: (99.00, 2.40, 179.65) | Rot: (0.00, 0.00, 0.00) | Height: 2,40 | Inset: 0,35
[487] Pos: (159.00, 2.40, 59.65) | Rot: (0.00, 0.00, 0.00) | Height: 2,40 | Inset: 0,35
[488] Pos: (5.65, 2.40, 171.00) | Rot: (0.00, 90.00, 0.00) | Height: 2,40 | Inset: 0,35
[489] Pos: (60.35, 2.40, 183.00) | Rot: (0.00, 270.00, 0.00) | Height: 2,40 | Inset: 0,35
[490] Pos: (17.65, 2.40, 129.00) | Rot: (0.00, 90.00, 0.00) | Height: 2,40 | Inset: 0,35
[491] Pos: (138.35, 2.40, 69.00) | Rot: (0.00, 270.00, 0.00) | Height: 2,40 | Inset: 0,35
[492] Pos: (135.00, 2.40, 42.35) | Rot: (0.00, 180.00, 0.00) | Height: 2,40 | Inset: 0,35
[493] Pos: (120.35, 2.40, 63.00) | Rot: (0.00, 270.00, 0.00) | Height: 2,40 | Inset: 0,35
[494] Pos: (108.35, 2.40, 69.00) | Rot: (0.00, 270.00, 0.00) | Height: 2,40 | Inset: 0,35
[495] Pos: (39.00, 2.40, 54.35) | Rot: (0.00, 180.00, 0.00) | Height: 2,40 | Inset: 0,35
[496] Pos: (33.00, 2.40, 47.65) | Rot: (0.00, 0.00, 0.00) | Height: 2,40 | Inset: 0,35
[497] Pos: (129.00, 2.40, 167.65) | Rot: (0.00, 0.00, 0.00) | Height: 2,40 | Inset: 0,35
[498] Pos: (111.00, 2.40, 95.65) | Rot: (0.00, 0.00, 0.00) | Height: 2,40 | Inset: 0,35
[499] Pos: (95.65, 2.40, 123.00) | Rot: (0.00, 90.00, 0.00) | Height: 2,40 | Inset: 0,35
[500] Pos: (15.00, 2.40, 179.65) | Rot: (0.00, 0.00, 0.00) | Height: 2,40 | Inset: 0,35
[501] Pos: (108.35, 2.40, 153.00) | Rot: (0.00, 270.00, 0.00) | Height: 2,40 | Inset: 0,35
[502] Pos: (47.65, 2.40, 87.00) | Rot: (0.00, 90.00, 0.00) | Height: 2,40 | Inset: 0,35
[503] Pos: (101.65, 2.40, 123.00) | Rot: (0.00, 90.00, 0.00) | Height: 2,40 | Inset: 0,35
[504] Pos: (183.00, 2.40, 5.65) | Rot: (0.00, 0.00, 0.00) | Height: 2,40 | Inset: 0,35
[505] Pos: (173.65, 2.40, 75.00) | Rot: (0.00, 90.00, 0.00) | Height: 2,40 | Inset: 0,35
[506] Pos: (63.00, 2.40, 102.35) | Rot: (0.00, 180.00, 0.00) | Height: 2,40 | Inset: 0,35
[507] Pos: (75.00, 2.40, 65.65) | Rot: (0.00, 0.00, 0.00) | Height: 2,40 | Inset: 0,35
[508] Pos: (23.65, 2.40, 3.00) | Rot: (0.00, 90.00, 0.00) | Height: 2,40 | Inset: 0,35
[509] Pos: (123.00, 2.40, 47.65) | Rot: (0.00, 0.00, 0.00) | Height: 2,40 | Inset: 0,35
[510] Pos: (69.00, 2.40, 125.65) | Rot: (0.00, 0.00, 0.00) | Height: 2,40 | Inset: 0,35
[511] Pos: (51.00, 2.40, 186.35) | Rot: (0.00, 180.00, 0.00) | Height: 2,40 | Inset: 0,35
[512] Pos: (105.00, 2.40, 149.65) | Rot: (0.00, 0.00, 0.00) | Height: 2,40 | Inset: 0,35
[513] Pos: (30.35, 2.40, 33.00) | Rot: (0.00, 270.00, 0.00) | Height: 2,40 | Inset: 0,35
[514] Pos: (167.65, 2.40, 27.00) | Rot: (0.00, 90.00, 0.00) | Height: 2,40 | Inset: 0,35
[515] Pos: (63.00, 2.40, -0.35) | Rot: (0.00, 0.00, 0.00) | Height: 2,40 | Inset: 0,35
[516] Pos: (87.00, 2.40, 168.35) | Rot: (0.00, 180.00, 0.00) | Height: 2,40 | Inset: 0,35
[517] Pos: (153.00, 2.40, 60.35) | Rot: (0.00, 180.00, 0.00) | Height: 2,40 | Inset: 0,35
[518] Pos: (53.65, 2.40, 39.00) | Rot: (0.00, 90.00, 0.00) | Height: 2,40 | Inset: 0,35
[519] Pos: (36.35, 2.40, 171.00) | Rot: (0.00, 270.00, 0.00) | Height: 2,40 | Inset: 0,35
[520] Pos: (165.00, 2.40, 90.35) | Rot: (0.00, 180.00, 0.00) | Height: 2,40 | Inset: 0,35
[521] Pos: (15.00, 2.40, 107.65) | Rot: (0.00, 0.00, 0.00) | Height: 2,40 | Inset: 0,35
[522] Pos: (45.00, 2.40, 17.65) | Rot: (0.00, 0.00, 0.00) | Height: 2,40 | Inset: 0,35
[523] Pos: (15.00, 2.40, -0.35) | Rot: (0.00, 0.00, 0.00) | Height: 2,40 | Inset: 0,35
[524] Pos: (54.35, 2.40, 75.00) | Rot: (0.00, 270.00, 0.00) | Height: 2,40 | Inset: 0,35
[525] Pos: (99.00, 2.40, 17.65) | Rot: (0.00, 0.00, 0.00) | Height: 2,40 | Inset: 0,35
[526] Pos: (45.00, 2.40, 173.65) | Rot: (0.00, 0.00, 0.00) | Height: 2,40 | Inset: 0,35
[527] Pos: (-0.35, 2.40, 123.00) | Rot: (0.00, 90.00, 0.00) | Height: 2,40 | Inset: 0,35
[528] Pos: (87.00, 2.40, 11.65) | Rot: (0.00, 0.00, 0.00) | Height: 2,40 | Inset: 0,35
[529] Pos: (119.65, 2.40, 9.00) | Rot: (0.00, 90.00, 0.00) | Height: 2,40 | Inset: 0,35
[530] Pos: (51.00, 2.40, 120.35) | Rot: (0.00, 180.00, 0.00) | Height: 2,40 | Inset: 0,35
[531] Pos: (126.35, 2.40, 117.00) | Rot: (0.00, 270.00, 0.00) | Height: 2,40 | Inset: 0,35
[532] Pos: (171.00, 2.40, 96.35) | Rot: (0.00, 180.00, 0.00) | Height: 2,40 | Inset: 0,35
[533] Pos: (63.00, 2.40, 5.65) | Rot: (0.00, 0.00, 0.00) | Height: 2,40 | Inset: 0,35
[534] Pos: (177.00, 2.40, 167.65) | Rot: (0.00, 0.00, 0.00) | Height: 2,40 | Inset: 0,35
[535] Pos: (149.65, 2.40, 123.00) | Rot: (0.00, 90.00, 0.00) | Height: 2,40 | Inset: 0,35
[536] Pos: (48.35, 2.40, 69.00) | Rot: (0.00, 270.00, 0.00) | Height: 2,40 | Inset: 0,35
[537] Pos: (101.65, 2.40, 63.00) | Rot: (0.00, 90.00, 0.00) | Height: 2,40 | Inset: 0,35
[538] Pos: (77.65, 2.40, 165.00) | Rot: (0.00, 90.00, 0.00) | Height: 2,40 | Inset: 0,35
[539] Pos: (23.65, 2.40, 69.00) | Rot: (0.00, 90.00, 0.00) | Height: 2,40 | Inset: 0,35
[540] Pos: (18.35, 2.40, 105.00) | Rot: (0.00, 270.00, 0.00) | Height: 2,40 | Inset: 0,35
[541] Pos: (87.00, 2.40, 5.65) | Rot: (0.00, 0.00, 0.00) | Height: 2,40 | Inset: 0,35
[542] Pos: (75.00, 2.40, 71.65) | Rot: (0.00, 0.00, 0.00) | Height: 2,40 | Inset: 0,35
[543] Pos: (33.00, 2.40, 119.65) | Rot: (0.00, 0.00, 0.00) | Height: 2,40 | Inset: 0,35
[544] Pos: (167.65, 2.40, 123.00) | Rot: (0.00, 90.00, 0.00) | Height: 2,40 | Inset: 0,35
[545] Pos: (167.65, 2.40, 75.00) | Rot: (0.00, 90.00, 0.00) | Height: 2,40 | Inset: 0,35
[546] Pos: (105.00, 2.40, 59.65) | Rot: (0.00, 0.00, 0.00) | Height: 2,40 | Inset: 0,35
[547] Pos: (123.00, 2.40, 84.35) | Rot: (0.00, 180.00, 0.00) | Height: 2,40 | Inset: 0,35
[548] Pos: (114.35, 2.40, 87.00) | Rot: (0.00, 270.00, 0.00) | Height: 2,40 | Inset: 0,35
[549] Pos: (107.65, 2.40, 93.00) | Rot: (0.00, 90.00, 0.00) | Height: 2,40 | Inset: 0,35
[550] Pos: (18.35, 2.40, 117.00) | Rot: (0.00, 270.00, 0.00) | Height: 2,40 | Inset: 0,35
[551] Pos: (33.00, 2.40, 113.65) | Rot: (0.00, 0.00, 0.00) | Height: 2,40 | Inset: 0,35
[552] Pos: (113.65, 2.40, 45.00) | Rot: (0.00, 90.00, 0.00) | Height: 2,40 | Inset: 0,35
[553] Pos: (183.00, 2.40, 137.65) | Rot: (0.00, 0.00, 0.00) | Height: 2,40 | Inset: 0,35
[554] Pos: (111.00, 2.40, 83.65) | Rot: (0.00, 0.00, 0.00) | Height: 2,40 | Inset: 0,35
[555] Pos: (11.65, 2.40, 159.00) | Rot: (0.00, 90.00, 0.00) | Height: 2,40 | Inset: 0,35
[556] Pos: (171.00, 2.40, 36.35) | Rot: (0.00, 180.00, 0.00) | Height: 2,40 | Inset: 0,35
[557] Pos: (162.35, 2.40, 135.00) | Rot: (0.00, 270.00, 0.00) | Height: 2,40 | Inset: 0,35
[558] Pos: (93.00, 2.40, 36.35) | Rot: (0.00, 180.00, 0.00) | Height: 2,40 | Inset: 0,35
[559] Pos: (119.65, 2.40, 69.00) | Rot: (0.00, 90.00, 0.00) | Height: 2,40 | Inset: 0,35
[560] Pos: (45.00, 2.40, 5.65) | Rot: (0.00, 0.00, 0.00) | Height: 2,40 | Inset: 0,35
[561] Pos: (141.00, 2.40, 47.65) | Rot: (0.00, 0.00, 0.00) | Height: 2,40 | Inset: 0,35
[562] Pos: (60.35, 2.40, 33.00) | Rot: (0.00, 270.00, 0.00) | Height: 2,40 | Inset: 0,35
[563] Pos: (161.65, 2.40, 3.00) | Rot: (0.00, 90.00, 0.00) | Height: 2,40 | Inset: 0,35
[564] Pos: (93.00, 2.40, 95.65) | Rot: (0.00, 0.00, 0.00) | Height: 2,40 | Inset: 0,35
[565] Pos: (126.35, 2.40, 27.00) | Rot: (0.00, 270.00, 0.00) | Height: 2,40 | Inset: 0,35
[566] Pos: (129.00, 2.40, 132.35) | Rot: (0.00, 180.00, 0.00) | Height: 2,40 | Inset: 0,35
[567] Pos: (39.00, 2.40, 120.35) | Rot: (0.00, 180.00, 0.00) | Height: 2,40 | Inset: 0,35
[568] Pos: (27.00, 2.40, 29.65) | Rot: (0.00, 0.00, 0.00) | Height: 2,40 | Inset: 0,35
[569] Pos: (17.65, 2.40, 141.00) | Rot: (0.00, 90.00, 0.00) | Height: 2,40 | Inset: 0,35
[570] Pos: (59.65, 2.40, 177.00) | Rot: (0.00, 90.00, 0.00) | Height: 2,40 | Inset: 0,35
[571] Pos: (17.65, 2.40, 21.00) | Rot: (0.00, 90.00, 0.00) | Height: 2,40 | Inset: 0,35
[572] Pos: (165.00, 2.40, 11.65) | Rot: (0.00, 0.00, 0.00) | Height: 2,40 | Inset: 0,35
[573] Pos: (93.00, 2.40, 173.65) | Rot: (0.00, 0.00, 0.00) | Height: 2,40 | Inset: 0,35
[574] Pos: (159.00, 2.40, 102.35) | Rot: (0.00, 180.00, 0.00) | Height: 2,40 | Inset: 0,35
[575] Pos: (135.00, 2.40, 42.35) | Rot: (0.00, 180.00, 0.00) | Height: 2,40 | Inset: 0,35
[576] Pos: (47.65, 2.40, 87.00) | Rot: (0.00, 90.00, 0.00) | Height: 2,40 | Inset: 0,35
[577] Pos: (41.65, 2.40, 129.00) | Rot: (0.00, 90.00, 0.00) | Height: 2,40 | Inset: 0,35
[578] Pos: (125.65, 2.40, 15.00) | Rot: (0.00, 90.00, 0.00) | Height: 2,40 | Inset: 0,35
[579] Pos: (35.65, 2.40, 45.00) | Rot: (0.00, 90.00, 0.00) | Height: 2,40 | Inset: 0,35
[580] Pos: (96.35, 2.40, 93.00) | Rot: (0.00, 270.00, 0.00) | Height: 2,40 | Inset: 0,35
[581] Pos: (155.65, 2.40, 75.00) | Rot: (0.00, 90.00, 0.00) | Height: 2,40 | Inset: 0,35
[582] Pos: (168.35, 2.40, 21.00) | Rot: (0.00, 270.00, 0.00) | Height: 2,40 | Inset: 0,35
[583] Pos: (39.00, 2.40, 35.65) | Rot: (0.00, 0.00, 0.00) | Height: 2,40 | Inset: 0,35
[584] Pos: (119.65, 2.40, 57.00) | Rot: (0.00, 90.00, 0.00) | Height: 2,40 | Inset: 0,35
[585] Pos: (11.65, 2.40, 159.00) | Rot: (0.00, 90.00, 0.00) | Height: 2,40 | Inset: 0,35
[586] Pos: (18.35, 2.40, 159.00) | Rot: (0.00, 270.00, 0.00) | Height: 2,40 | Inset: 0,35
[587] Pos: (167.65, 2.40, 171.00) | Rot: (0.00, 90.00, 0.00) | Height: 2,40 | Inset: 0,35
[588] Pos: (51.00, 2.40, 35.65) | Rot: (0.00, 0.00, 0.00) | Height: 2,40 | Inset: 0,35
[589] Pos: (6.35, 2.40, 171.00) | Rot: (0.00, 270.00, 0.00) | Height: 2,40 | Inset: 0,35
[590] Pos: (123.00, 2.40, 23.65) | Rot: (0.00, 0.00, 0.00) | Height: 2,40 | Inset: 0,35
[591] Pos: (123.00, 2.40, 72.35) | Rot: (0.00, 180.00, 0.00) | Height: 2,40 | Inset: 0,35
[592] Pos: (93.00, 2.40, 113.65) | Rot: (0.00, 0.00, 0.00) | Height: 2,40 | Inset: 0,35
[593] Pos: (47.65, 2.40, 117.00) | Rot: (0.00, 90.00, 0.00) | Height: 2,40 | Inset: 0,35
[594] Pos: (129.00, 2.40, 179.65) | Rot: (0.00, 0.00, 0.00) | Height: 2,40 | Inset: 0,35
[595] Pos: (171.00, 2.40, 65.65) | Rot: (0.00, 0.00, 0.00) | Height: 2,40 | Inset: 0,35
[596] Pos: (69.00, 2.40, -0.35) | Rot: (0.00, 0.00, 0.00) | Height: 2,40 | Inset: 0,35
[597] Pos: (87.00, 2.40, 41.65) | Rot: (0.00, 0.00, 0.00) | Height: 2,40 | Inset: 0,35
[598] Pos: (126.35, 2.40, 57.00) | Rot: (0.00, 270.00, 0.00) | Height: 2,40 | Inset: 0,35
[599] Pos: (132.35, 2.40, 159.00) | Rot: (0.00, 270.00, 0.00) | Height: 2,40 | Inset: 0,35
[600] Pos: (5.65, 2.40, 93.00) | Rot: (0.00, 90.00, 0.00) | Height: 2,40 | Inset: 0,35
[601] Pos: (29.65, 2.40, 129.00) | Rot: (0.00, 90.00, 0.00) | Height: 2,40 | Inset: 0,35
[602] Pos: (83.65, 2.40, 117.00) | Rot: (0.00, 90.00, 0.00) | Height: 2,40 | Inset: 0,35
[603] Pos: (113.65, 2.40, 159.00) | Rot: (0.00, 90.00, 0.00) | Height: 2,40 | Inset: 0,35
[604] Pos: (41.65, 2.40, 165.00) | Rot: (0.00, 90.00, 0.00) | Height: 2,40 | Inset: 0,35
[605] Pos: (93.00, 2.40, 173.65) | Rot: (0.00, 0.00, 0.00) | Height: 2,40 | Inset: 0,35
[606] Pos: (143.65, 2.40, 93.00) | Rot: (0.00, 90.00, 0.00) | Height: 2,40 | Inset: 0,35
[607] Pos: (77.65, 2.40, 147.00) | Rot: (0.00, 90.00, 0.00) | Height: 2,40 | Inset: 0,35
[608] Pos: (71.65, 2.40, 117.00) | Rot: (0.00, 90.00, 0.00) | Height: 2,40 | Inset: 0,35
[609] Pos: (21.00, 2.40, 24.35) | Rot: (0.00, 180.00, 0.00) | Height: 2,40 | Inset: 0,35
[610] Pos: (129.00, 2.40, 120.35) | Rot: (0.00, 180.00, 0.00) | Height: 2,40 | Inset: 0,35
[611] Pos: (29.65, 2.40, 69.00) | Rot: (0.00, 90.00, 0.00) | Height: 2,40 | Inset: 0,35
[612] Pos: (153.00, 2.40, 102.35) | Rot: (0.00, 180.00, 0.00) | Height: 2,40 | Inset: 0,35
[613] Pos: (93.00, 2.40, 107.65) | Rot: (0.00, 0.00, 0.00) | Height: 2,40 | Inset: 0,35
[614] Pos: (149.65, 2.40, 63.00) | Rot: (0.00, 90.00, 0.00) | Height: 2,40 | Inset: 0,35
[615] Pos: (45.00, 2.40, 107.65) | Rot: (0.00, 0.00, 0.00) | Height: 2,40 | Inset: 0,35
[616] Pos: (117.00, 2.40, 119.65) | Rot: (0.00, 0.00, 0.00) | Height: 2,40 | Inset: 0,35
[617] Pos: (149.65, 2.40, 183.00) | Rot: (0.00, 90.00, 0.00) | Height: 2,40 | Inset: 0,35
[618] Pos: (141.00, 2.40, 66.35) | Rot: (0.00, 180.00, 0.00) | Height: 2,40 | Inset: 0,35
[619] Pos: (72.35, 2.40, 153.00) | Rot: (0.00, 270.00, 0.00) | Height: 2,40 | Inset: 0,35
[620] Pos: (21.00, 2.40, 126.35) | Rot: (0.00, 180.00, 0.00) | Height: 2,40 | Inset: 0,35
[621] Pos: (135.00, 2.40, 78.35) | Rot: (0.00, 180.00, 0.00) | Height: 2,40 | Inset: 0,35
[622] Pos: (105.00, 2.40, 24.35) | Rot: (0.00, 180.00, 0.00) | Height: 2,40 | Inset: 0,35
[623] Pos: (57.00, 2.40, 101.65) | Rot: (0.00, 0.00, 0.00) | Height: 2,40 | Inset: 0,35
[624] Pos: (123.00, 2.40, -0.35) | Rot: (0.00, 0.00, 0.00) | Height: 2,40 | Inset: 0,35
[625] Pos: (81.00, 2.40, -0.35) | Rot: (0.00, 0.00, 0.00) | Height: 2,40 | Inset: 0,35
[626] Pos: (93.00, 2.40, 53.65) | Rot: (0.00, 0.00, 0.00) | Height: 2,40 | Inset: 0,35
[627] Pos: (177.00, 2.40, 168.35) | Rot: (0.00, 180.00, 0.00) | Height: 2,40 | Inset: 0,35
[628] Pos: (63.00, 2.40, 167.65) | Rot: (0.00, 0.00, 0.00) | Height: 2,40 | Inset: 0,35
[629] Pos: (144.35, 2.40, 111.00) | Rot: (0.00, 270.00, 0.00) | Height: 2,40 | Inset: 0,35
[630] Pos: (173.65, 2.40, 69.00) | Rot: (0.00, 90.00, 0.00) | Height: 2,40 | Inset: 0,35
[631] Pos: (48.35, 2.40, 171.00) | Rot: (0.00, 270.00, 0.00) | Height: 2,40 | Inset: 0,35
[632] Pos: (113.65, 2.40, 15.00) | Rot: (0.00, 90.00, 0.00) | Height: 2,40 | Inset: 0,35
[633] Pos: (71.65, 2.40, 135.00) | Rot: (0.00, 90.00, 0.00) | Height: 2,40 | Inset: 0,35
[634] Pos: (144.35, 2.40, 105.00) | Rot: (0.00, 270.00, 0.00) | Height: 2,40 | Inset: 0,35
[635] Pos: (159.00, 2.40, 41.65) | Rot: (0.00, 0.00, 0.00) | Height: 2,40 | Inset: 0,35
[636] Pos: (135.00, 2.40, 11.65) | Rot: (0.00, 0.00, 0.00) | Height: 2,40 | Inset: 0,35
[637] Pos: (35.65, 2.40, 75.00) | Rot: (0.00, 90.00, 0.00) | Height: 2,40 | Inset: 0,35
[638] Pos: (183.00, 2.40, 48.35) | Rot: (0.00, 180.00, 0.00) | Height: 2,40 | Inset: 0,35
[639] Pos: (114.35, 2.40, 93.00) | Rot: (0.00, 270.00, 0.00) | Height: 2,40 | Inset: 0,35
[640] Pos: (77.65, 2.40, 153.00) | Rot: (0.00, 90.00, 0.00) | Height: 2,40 | Inset: 0,35
